   0.00000000      0.511144936    
   5.00000007E-02  0.804623127    
  0.100000001      0.992237687    
  0.150000006       1.10262430    
  0.200000003       1.15877163    
  0.250000000       1.17868865    
  0.300000012       1.17606521    
  0.349999994       1.16094041    
  0.400000006       1.14036417    
  0.449999988       1.11906445    
  0.500000000       1.10010886    
  0.550000012       1.08557248    
  0.600000024       1.07719946    
  0.649999976       1.07706833    
  0.699999988       1.08825874    
  0.750000000       1.11551094    
  0.800000012       1.16589880    
  0.850000024       1.24948215    
  0.899999976       1.37999153    
  0.949999988       1.57546139    
   1.00000000       1.85892677    
